10526 0
10518 1
10845 0
10998 0
11026 0
11053 2
32377 2
11079 2
11127 2
11143 0
42319 2
11159 0
11157 0
11172 0
42320 1
40842 2
11199 1
11253 1
11306 0
11399 2
42321 0
11414 2
11431 0
11428 2
11430 1
11468 2
11481 2
11538 2
11565 0
11558 2
11602 2
11607 2
11617 1
11657 1
11666 2
11656 2
11700 2
11741 0
11782 2
32583 2
11788 2
11877 1
11909 0
11948 2
11959 2
11986 1
11987 1
12015 0
12025 1
12046 2
32799 1
32804 1
32807 2
38947 1
12109 2
38946 1
12110 2
12112 0
12126 0
12133 1
12159 2
12161 0
32818 2
12167 1
12198 1
12209 0
12197 1
12196 2
40998 0
12222 1
32817 1
12223 0
32819 1
12257 2
41000 2
40999 1
12281 2
32797 1
32820 0
12293 0
12284 1
12282 0
12324 1
12306 0
12307 0
12339 1
12371 1
12370 0
12372 2
12384 0
12368 1
12420 1
12408 0
12406 0
12450 1
12440 0
12439 0
12443 2
32816 2
12488 1
12485 2
12493 2
12505 2
12513 2
12504 1
12533 1
12556 2
12532 0
12558 0
12534 2
32808 1
42723 1
43021 0
12606 0
32805 2
12605 2
12604 2
32806 1
42726 0
42724 0
42725 0
42721 2
12646 1
12645 1
40995 0
12649 2
40993 1
12684 1
12708 1
12685 1
12719 0
33089 1
40994 1
37368 2
12722 2
12717 2
12729 0
40996 2
12810 2
41001 0
41002 1
12797 1
33098 2
12847 1
12846 0
9380 0
12850 0
38558 1
12849 0
12862 2
12848 0
12895 1
12896 0
43143 0
12926 0
33087 2
12929 0
12930 2
12928 1
41003 2
13012 2
13004 0
13011 1
33099 2
41540 2
42332 0
41542 1
13076 1
41543 2
13096 2
42331 0
33110 2
13099 1
13108 0
9637 1
13125 1
39876 1
41004 2
13126 2
13166 2
13178 0
13177 2
37266 1
13167 1
33093 0
13165 2
993164 1
33100 2
13223 1
13204 2
13220 1
13207 0
13206 2
13205 0
13221 1
33113 0
13262 0
33102 1
37409 1
13250 1
13249 2
13261 0
13251 2
13289 1
13300 1
13291 0
13288 1
13298 2
13287 0
13299 1
13322 2
13320 2
33092 1
13319 0
33097 0
13332 0
13357 2
13366 1
33086 0
13356 0
13370 0
13400 2
13398 0
13401 2
13399 1
13443 2
13456 2
13459 2
13439 1
13440 0
33091 2
33096 0
13441 2
13442 1
13437 2
13451 2
13485 1
13482 2
13497 1
41647 0
13498 0
13483 0
13528 0
13526 2
13527 0
13539 0
33088 1
13542 1
13582 2
13579 2
13581 1
13586 0
13580 1
13588 2
13607 1
13612 0
13610 0
13609 2
13608 2
13654 2
13653 2
33103 1
13703 2
33095 1
33101 0
13699 2
13682 0
13687 2
13685 1
13689 2
13686 0
13683 2
13724 1
33090 1
13726 0
13740 1
13727 2
13725 2
33094 1
13756 2
13774 0
13758 2
13773 2
13814 1
13782 2
33355 0
13824 0
13812 2
13811 1
13813 0
13810 1
13809 0
13781 2
33347 1
33354 1
13845 2
13846 0
13849 0
13874 2
13884 0
33364 0
13876 1
13877 2
13886 1
13878 1
13875 1
13921 1
33350 1
13914 1
13917 1
13920 1
13924 1
13922 2
33357 1
13923 1
13919 0
13915 1
13916 2
13918 2
13972 0
13958 1
13960 0
13959 0
13961 0
13957 0
13962 0
14000 1
14002 1
14003 1
992996 1
33359 2
992997 1
33367 1
14038 1
14044 2
14054 2
14039 2
14053 0
33366 1
14040 0
14043 1
14042 1
14076 2
14090 1
14085 0
14086 1
33351 2
14087 0
37408 2
14077 2
14125 0
14126 0
14115 1
14117 1
14116 1
14153 1
14167 0
37407 0
14151 2
14150 0
14165 1
14168 2
14154 2
14206 1
14197 1
14207 2
14196 2
14256 1
14243 2
43400 0
14239 2
43401 2
14245 2
14244 2
14287 2
14276 2
14275 0
14274 0
14286 2
14334 0
14315 0
14326 1
14360 2
14361 2
14357 0
14349 0
33348 1
14353 2
33346 0
14356 0
14392 0
14390 0
14391 1
14427 2
14455 0
14469 0
14465 0
14470 1
14473 0
33349 1
14472 0
14471 1
14457 2
14467 1
41014 0
14456 0
37406 0
14468 1
41015 0
14497 1
14507 2
14509 1
14514 2
14515 0
33361 2
14508 1
14539 2
14549 1
14535 2
33352 0
41274 1
14571 2
14588 1
40793 1
14572 0
14587 0
14619 1
14616 1
14614 0
14632 0
14615 2
14618 0
40792 0
33365 0
14659 1
14655 1
14668 1
14653 2
14693 2
14692 2
14707 1
14745 1
41363 2
14710 0
14758 0
14750 0
14761 1
14760 0
14747 0
14759 1
41362 2
33360 2
14748 2
14763 1
14757 0
33362 2
14794 0
14809 1
14793 1
14797 0
14795 0
33353 0
14897 2
14887 0
14880 2
14889 1
14875 0
14898 1
14888 2
14885 1
14886 0
14796 2
33358 2
14890 2
14930 1
37405 0
14908 2
14907 1
14928 1
14838 1
14929 2
14927 2
14957 2
14966 2
33566 0
14968 1
14962 2
14967 1
15023 2
33583 1
33560 1
15025 1
15007 0
15006 0
15024 1
15026 1
15008 2
40726 2
15066 0
15075 2
15067 2
15076 2
15065 1
15099 1
33559 2
15104 2
15110 2
15108 0
15107 0
33556 1
15098 0
15162 2
15149 2
15147 0
15150 2
15151 2
15152 0
15148 1
15161 0
33356 2
15203 1
15185 2
15200 2
15186 2
15196 1
15184 2
15199 2
15204 2
15236 1
15226 2
15224 2
15227 0
15240 1
15222 0
15225 1
15239 1
15223 2
15275 2
33563 2
15270 1
15265 0
15267 0
15274 0
15268 1
15277 0
15276 0
15266 2
15312 1
41364 0
15306 0
15304 0
15317 1
41365 2
15313 0
15316 1
15305 1
33575 0
33573 1
15360 0
15343 2
15355 0
15344 2
15347 0
15345 0
33546 0
15410 0
15413 2
15394 1
15392 2
15409 0
15393 1
15187 2
33581 2
15412 1
15395 2
33561 1
15459 1
15448 2
15450 0
15451 1
15460 2
15458 1
15449 2
15508 2
33569 2
15493 2
15514 0
33550 1
15495 2
15509 0
15494 2
15497 2
33567 1
15504 0
33576 1
15496 0
15492 0
15507 1
15510 2
15549 1
15557 0
15538 2
15537 0
15541 0
15555 0
15540 0
15550 0
15539 1
15551 0
15588 2
33557 0
15585 0
15586 2
15597 1
15584 0
15598 1
15587 0
15583 0
15627 0
15619 1
15626 2
15629 2
15617 1
37404 1
15618 2
15628 1
33555 1
15658 0
15657 0
15651 1
15650 2
15672 2
15671 0
15655 2
15670 0
15685 2
33553 1
15686 0
15700 2
33562 2
33549 2
15730 0
15759 0
33568 0
15731 1
15802 0
15806 2
15801 1
15786 0
41995 0
15787 1
15785 0
15784 0
15791 1
15803 0
33551 0
41994 0
15835 1
15818 2
15832 1
15833 0
33572 0
33584 1
15855 0
33565 1
15867 0
15853 0
15856 0
15854 0
15851 1
15852 0
15868 2
15870 0
33580 0
15907 2
15895 2
15893 0
15913 1
15906 0
15892 0
15908 0
15891 1
41320 0
15912 2
15911 1
15934 0
41317 0
15929 1
15948 2
15931 2
41321 2
15932 2
15930 0
15972 2
15975 2
15976 0
15996 0
15969 1
33558 2
15995 1
15973 0
15974 1
33577 0
15971 2
15970 0
16021 0
16018 0
16017 2
16015 0
16040 2
16043 1
33578 1
16016 1
16041 1
16037 1
16042 0
16036 2
16080 2
16061 0
16067 2
16065 2
33579 1
16066 1
33564 2
40796 2
16063 2
16083 2
16081 2
33570 1
16103 2
33547 1
16104 1
16100 2
33582 2
16102 2
33552 2
37388 1
16101 1
33571 1
16117 1
37386 0
41272 0
16105 2
16140 2
40797 0
33548 2
16142 0
41319 2
16143 2
16134 1
16132 1
16137 1
43136 0
43306 1
16165 1
43304 1
16149 0
33736 1
33741 0
16159 0
16161 1
16160 0
16148 2
16167 2
16192 1
33754 0
16190 0
16204 1
16195 1
16191 1
16202 2
37385 1
16218 2
16217 2
16226 2
33743 0
16219 1
16216 2
16229 0
39789 2
16248 0
43125 0
16267 1
16249 0
16251 1
43301 1
33735 0
16261 1
39968 0
16246 0
41270 2
16250 1
41271 2
16247 2
16263 0
16280 2
33738 2
39967 2
16289 1
16291 2
38403 2
16278 1
39969 1
43424 0
16300 1
33731 0
16310 1
33715 2
33729 1
33718 0
16302 1
16299 1
16324 2
16323 1
16330 0
16322 2
16332 1
41012 0
33734 0
16320 0
16334 0
993422 2
33732 0
16321 2
33727 0
993423 0
33749 0
33733 1
16353 2
993424 2
16356 0
16350 1
993095 2
16349 0
33713 0
16354 0
33737 0
16366 0
16355 0
16351 1
16352 0
16385 2
16384 1
16379 0
16387 1
16398 0
16386 1
16383 1
16382 0
16395 0
993094 2
33728 2
43018 1
16397 2
33751 0
33702 2
16424 1
16422 1
16417 2
33739 1
41899 2
16416 2
16415 1
33730 0
16426 0
41898 0
16425 2
16433 0
43017 2
33717 0
16446 1
16430 1
16444 1
33740 1
16431 1
16432 0
16445 2
16460 2
33712 0
16464 2
16458 0
16475 0
16461 0
16459 2
16462 1
33748 1
16474 2
16473 0
16480 1
16482 1
16479 2
16498 1
16478 2
16497 0
16481 0
16499 1
16484 2
16483 1
38402 2
41866 1
16523 1
16512 0
16515 1
16514 2
33720 1
16513 2
16535 2
33725 1
16525 0
33747 1
33752 1
16550 0
42776 2
16534 2
43581 1
16540 2
16554 2
16533 0
43580 0
16541 2
33750 2
16538 0
16561 1
16574 2
16563 2
16564 2
42560 0
16567 1
16562 1
16579 1
16590 0
43583 0
16603 2
16589 0
16592 2
43584 2
42559 1
33719 2
42431 1
41268 1
16640 1
16642 1
33724 0
41269 2
16624 2
16622 0
16620 0
16629 2
16636 2
16626 1
16621 1
33723 0
16630 1
42430 2
16625 1
16627 2
43588 0
16650 1
16651 1
43589 2
16654 2
16653 2
16648 0
42883 2
16664 2
43587 2
16655 2
16649 1
16647 0
16680 1
16677 2
16692 2
16678 1
16674 1
16675 0
33722 1
16681 1
16676 2
16679 0
16712 1
16706 0
16704 0
16723 2
16713 2
16708 0
16705 0
16707 1
16710 2
33745 2
16722 2
16733 1
43585 0
33760 2
16736 2
16735 2
16734 1
43586 1
16737 1
33726 1
16743 0
16766 2
37230 2
16764 0
41353 1
41354 2
16790 2
42570 2
16777 0
16810 2
33755 2
16796 0
16797 0
16799 1
16809 1
16805 1
16798 0
16821 2
33744 0
33746 0
16826 0
16824 0
16842 1
16871 2
16857 1
33756 1
16875 2
16855 0
38369 2
16876 2
16933 0
16889 0
16890 1
16917 2
16927 0
16929 2
16928 0
16931 1
16956 2
33753 0
33711 0
16955 1
33884 1
16936 2
39055 0
16980 2
16986 1
16988 2
17004 1
17016 2
33887 2
37873 1
17050 2
17060 2
17048 2
17058 0
33876 2
17083 0
17096 2
17091 2
17084 0
17128 2
17129 2
17143 0
17165 2
40252 1
17166 0
17196 1
17198 0
17215 2
41805 0
17229 0
17253 2
17328 1
17393 1
43423 0
17454 1
43422 2
33870 0
33871 0
17613 1
